Alt_DES  = 0.0000000000000000 ;
MN_DES  = 0.0000000000000000 ;
W_DES  = 240.0000000000000000 ;